999
999
997
997
996
995
994
992
991
989
986
986
983
983
982
982
980
980
978
978
978
977
977
977
977
977
976
976
975
973
973
973
972
972
971
969
969
967
967
964
963
963
962
962
961
961
960
957
957
957
956
955
953
951
951
948
948
947
944
944
943
942
942
942
941
939
937
936
935
935
934
934
933
932
931
931
930
930
929
926
925
925
925
923
922
922
921
918
916
915
912
911
910
909
908
906
906
905
904
902
902
901
901
899
898
897
897
895
895
894
893
890
889
889
888
887
886
884
884
884
883
882
880
880
880
874
873
873
873
872
872
871
869
867
867
864
863
862
861
861
858
857
856
855
854
852
852
851
850
850
849
849
848
844
844
843
841
841
841
839
838
837
837
837
836
836
836
836
836
834
832
830
829
827
826
826
819
819
818
818
816
815
813
812
811
811
811
810
808
807
805
803
803
803
802
801
801
801
799
798
798
794
793
792
790
790
790
787
785
785
783
782
780
779
779
779
778
778
777
777
777
772
770
770
769
768
768
767
767
767
766
766
765
765
762
762
762
762
762
762
762
760
759
757
757
755
754
754
754
754
754
754
751
750
749
748
747
747
746
746
745
745
745
745
744
743
742
738
737
737
736
734
733
732
732
730
728
728
728
726
725
724
723
723
722
720
720
719
718
718
717
713
712
711
709
709
708
708
706
703
700
699
699
699
697
696
695
694
692
691
691
690
689
688
687
686
686
686
684
684
684
684
683
683
682
682
681
679
678
678
677
677
676
675
675
674
673
673
672
671
671
670
670
669
669
668
667
665
662
662
661
661
661
660
660
659
658
657
657
656
655
655
655
655
654
653
651
649
648
646
645
644
643
643
642
641
641
640
639
639
636
636
633
633
631
631
630
629
627
627
627
627
626
626
626
625
622
621
621
617
617
614
613
612
611
611
610
609
607
605
605
604
601
600
598
598
596
592
590
589
589
589
589
589
588
585
585
585
584
584
583
582
582
581
581
579
579
574
574
574
573
571
571
571
571
569
569
569
568
567
566
566
566
565
564
564
563
562
561
560
558
557
557
556
555
554
554
553
553
553
552
551
551
550
548
548
548
547
546
539
536
536
536
535
535
532
529
528
528
526
525
524
524
524
523
523
522
521
520
519
518
518
517
514
514
514
513
513
511
510
509
509
508
504
503
503
501
500
499
499
498
497
497
497
496
494
494
494
493
493
491
489
488
488
486
485
485
484
482
479
478
477
477
477
476
476
475
472
471
470
468
468
466
462
461
460
460
459
459
459
459
459
452
452
449
448
443
443
442
441
439
439
438
437
436
436
436
434
433
432
430
429
429
428
428
427
427
426
425
422
422
421
420
419
418
417
415
414
414
414
412
411
411
410
410
409
406
406
406
405
402
401
401
399
396
396
395
395
393
391
391
390
389
388
387
383
381
381
380
379
376
376
372
371
371
369
368
367
367
366
363
361
359
358
357
356
355
354
351
350
348
348
347
347
346
345
344
343
343
342
337
335
335
334
334
334
333
333
332
330
330
330
328
328
327
326
326
325
325
325
325
324
324
322
322
317
317
314
314
313
313
313
312
307
306
306
306
305
304
298
297
297
295
293
292
291
290
288
288
287
286
284
284
283
283
282
282
280
277
277
275
275
274
274
271
269
269
268
267
262
261
260
259
259
258
258
255
251
247
245
244
244
243
243
242
241
236
234
233
233
232
232
231
231
231
231
231
230
230
229
227
227
225
224
224
223
222
220
219
219
218
217
216
216
216
214
213
213
213
213
212
212
211
210
210
209
209
208
208
206
204
203
202
201
201
199
199
198
196
195
194
192
192
191
191
189
188
188
188
187
187
186
184
184
182
182
179
177
177
174
174
173
173
172
170
170
170
169
168
168
167
167
167
167
165
164
164
163
163
162
162
160
160
159
155
154
152
152
152
151
151
151
151
147
146
144
141
140
139
138
137
137
136
134
134
131
130
130
129
128
128
127
126
124
123
121
120
120
119
119
119
119
118
117
117
115
115
115
115
114
113
113
113
113
112
110
110
108
108
108
106
105
104
103
101
101
100
99
99
98
92
92
92
91
91
90
89
88
87
87
87
87
86
84
84
83
80
79
77
77
73
71
65
64
64
64
63
63
61
61
60
59
57
57
56
55
55
50
49
47
46
44
44
44
43
43
42
41
40
40
39
38
36
36
33
33
32
30
30
28
27
27
26
25
24
24
23
23
21
19
19
17
16
15
14
12
10
10
10
10
9
8
8
8
7
7
5
4
2
0
