999
999
998
998
998
995
995
995
994
993
992
992
991
988
988
988
987
987
985
984
984
982
981
981
981
980
978
978
976
974
974
974
973
972
972
971
970
964
963
962
962
961
961
960
959
959
957
953
953
952
952
952
952
951
950
950
949
948
947
947
946
943
943
940
940
940
939
939
938
936
936
936
935
935
934
931
931
930
928
926
925
925
924
924
924
922
922
922
920
920
913
913
912
912
909
907
906
906
906
905
904
900
900
900
899
898
897
897
896
895
894
893
892
891
890
890
889
889
888
887
887
887
886
886
886
885
885
884
884
883
882
881
881
879
875
874
873
873
872
872
871
870
864
864
862
861
860
858
857
856
854
854
854
853
853
851
850
850
850
848
847
847
846
845
840
839
838
837
836
835
835
835
833
832
832
832
831
829
827
827
827
825
825
825
824
823
822
822
821
821
821
817
816
816
816
815
813
813
812
812
812
811
811
810
809
809
807
803
803
801
801
799
799
798
798
798
798
796
795
794
794
793
788
786
786
778
777
776
775
775
775
775
774
772
771
769
768
768
767
766
765
764
762
758
758
757
757
757
756
756
755
755
755
752
751
751
751
750
749
748
746
744
743
743
743
741
740
737
733
730
729
729
729
726
726
724
723
722
720
719
718
717
715
713
713
712
712
711
710
710
708
707
707
706
705
704
704
700
699
698
698
695
693
693
693
692
692
692
691
690
688
686
685
683
683
682
682
682
680
678
677
676
676
675
675
674
672
672
671
670
669
668
668
667
666
666
663
663
662
662
661
660
660
659
655
655
653
653
653
652
651
650
649
649
644
644
643
640
640
640
638
634
634
633
633
633
633
632
631
631
630
630
630
629
629
628
627
626
623
623
623
622
621
621
621
619
618
618
617
616
616
615
615
615
613
613
613
611
610
609
608
608
607
605
604
601
597
596
594
590
588
587
586
584
581
581
579
579
579
579
578
577
576
575
574
574
573
573
572
572
569
568
566
565
562
561
560
559
558
557
556
556
555
555
554
552
548
547
543
542
541
538
537
536
535
533
533
533
532
531
526
526
525
525
525
524
523
522
522
520
520
520
519
518
518
518
517
516
516
516
515
514
512
511
510
510
510
509
508
508
508
505
505
505
505
503
501
499
499
499
497
496
496
495
494
494
493
490
489
488
487
486
486
485
484
484
482
481
480
479
478
478
477
477
476
474
474
472
472
471
470
466
461
459
459
457
457
456
456
456
454
453
453
453
452
450
450
449
448
448
448
447
447
446
445
445
444
443
439
438
435
433
433
433
432
431
431
430
428
428
428
427
427
427
425
423
421
421
418
417
415
414
414
412
410
409
408
406
406
406
405
405
405
405
404
403
401
401
401
401
400
399
398
397
397
396
395
395
394
394
394
393
392
390
390
390
390
388
388
388
385
385
383
382
377
376
376
374
374
372
371
370
368
368
367
367
367
366
366
364
364
364
363
361
359
359
359
355
353
353
353
352
351
349
349
348
348
345
344
343
340
339
338
338
338
337
337
337
334
333
331
330
329
328
328
326
325
320
315
313
312
311
310
310
309
308
308
305
305
304
303
303
303
301
299
299
296
293
292
291
291
291
290
289
287
285
285
281
280
276
270
270
270
269
267
267
266
265
264
262
262
262
261
261
261
259
258
257
256
255
254
250
250
250
250
250
249
248
247
245
245
243
240
239
239
238
238
238
237
237
236
233
233
231
229
229
227
226
225
223
223
222
221
221
220
219
216
214
214
214
213
209
208
207
207
206
206
206
206
205
205
204
203
202
202
197
197
197
197
195
192
191
189
188
188
187
186
183
183
183
182
182
181
180
180
179
179
178
178
177
177
177
176
176
175
175
174
173
170
170
169
168
168
168
166
166
164
162
162
162
161
161
157
157
156
153
152
152
151
150
148
147
147
147
147
145
145
144
141
141
140
140
139
138
138
136
135
135
134
134
130
127
127
126
125
125
123
120
118
118
117
116
115
115
114
114
113
113
112
112
111
111
109
109
109
108
108
107
105
105
105
104
103
102
101
97
97
96
96
95
93
93
93
92
91
91
91
90
90
89
88
87
86
85
85
82
82
79
79
76
75
70
69
69
67
66
65
63
62
62
62
62
62
60
57
54
54
53
51
50
50
49
47
47
47
47
46
44
44
44
44
43
42
41
41
40
39
39
38
38
37
37
37
36
36
33
32
29
29
28
28
26
26
25
24
24
22
21
21
20
17
17
16
16
16
15
14
12
12
10
8
7
7
7
5
5
4
4
2
1
